"X" "Y" "VO" "elevation"
103.86228 13.05212 6.18 4
106.49992 12.44174 5.76 79
104.50102 11.12315 5.61 40
107.30119 12.327 3.36 747
102.58879 12.48952 6.16 39
105.13028 12.06913 8.13 15
107.04877 12.37698 4.81 514
105.25274 13.39257 6.68 48
104.75194 10.71053 6.54 42
104.73512 13.76065 5.51 98
105.91622 13.8946 6.8 95
105.36435 11.45254 7.46 6
102.89006 11.92543 3.58 384
107.08621 13.9814 6.26 170
103.64499 13.96964 5.67 33
104.0757 11.08305 3.99 415
107.37513 13.35536 6.55 127
105.8021 11.86122 6.47 23
105.2126 12.99986 5.25 22
105.4776 11.64848 7.4 13
103.87055 13.49353 5.22 30
103.12336 13.88903 5.88 34
107.09996 12.49026 5.58 483
105.98613 13.32837 6.57 67
106.53819 13.09785 5.83 127
102.47773 13.1085 5.9 86
106.34316 12.17318 5.95 85
103.48705 10.97138 5.82 -9
104.02327 12.62593 6.51 13
103.56879 11.39961 5.53 125
103.10044 12.46435 1.92 773
104.53035 11.99114 5.85 49
104.2898 12.06444 4.82 256
103.15079 11.41744 5.76 38
103.07971 13.02381 6.1 16
103.57528 11.04043 5.39 -10
103.74929 12.58245 5.8 18
102.59011 13.01947 5.69 75
106.55648 13.21062 6.09 167
102.99012 12.18896 5.57 401
105.30226 11.79968 7.04 13
103.43489 13.89339 6.89 22
107.06189 14.145 5.72 215
104.31977 11.73835 5.62 123
105.85024 11.96211 5.97 38
102.84743 13.68225 7.15 20
104.37093 11.27097 5.93 92
106.63743 12.14016 6.08 118
104.70986 12.45202 6.65 11
106.61435 12.20132 6.55 125
106.53085 14.02124 6.67 94
104.66471 12.33729 6.64 8
106.32182 12.65884 5.09 68
106.08821 13.64394 6.79 70
104.85037 11.73991 8.02 8
104.34935 12.86658 6.62 9
105.57507 13.58814 5.86 132
104.2013 12.002 0 1347
102.9336 13.62254 7.95 23
103.63179 12.67459 7.18 13
104.54819 11.23765 6.62 45
104.63828 11.34175 5.74 46
107.01693 13.44572 5.63 108
103.26937 13.68932 6.62 14
105.78822 11.46033 6.69 12
104.15686 11.58426 6.5 92
104.03629 10.9642 2.58 686
106.46713 14.51335 6.36 98
104.80602 14.18101 5.36 91
105.04249 12.83135 5.95 15
105.50829 12.09484 6.94 11
104.10046 12.3151 5.26 106
104.92069 13.36419 6.62 93
104.89139 11.86518 6.26 10
107.03707 13.2605 6.81 121
105.55307 13.87739 5.42 106
104.511 11.35952 6.95 40
103.12291 12.51207 4.74 210
103.93464 11.26523 3.12 663
106.14239 12.43235 6.01 26
105.24124 12.71464 6 38
107.37358 13.11073 5.66 150
105.43186 12.91445 5.65 117
104.47771 11.79394 6.33 72
104.03209 13.03633 6.46 4
103.96896 11.71757 5.49 149
103.50502 12.06505 1.93 1088
104.29305 11.13806 5.62 166
102.82819 12.7804 5.8 134
103.09487 11.82447 4.35 362
105.60896 11.44076 6.43 10
107.04343 12.98102 6.13 151
106.22933 12.46752 5.65 43
105.09322 10.88974 6.37 4
105.82233 11.14012 6.5 5
106.48874 12.86268 5.94 116
107.50822 13.46807 5.68 153
104.6616 11.15735 7.24 23
103.9892 14.02226 5.39 114
104.50456 13.37349 5.58 59
103.31682 11.08369 6.3 22
103.56462 13.22958 5.72 7
103.60704 12.61853 6.32 15
102.75253 11.90721 6.11 -9
103.64179 11.46241 5.43 154
104.96848 14.11846 6.62 72
104.39137 13.79657 5.91 101
103.64622 13.53412 5.29 16
104.40246 10.99178 6 117
103.49026 12.25893 5.26 224
104.69013 12.37407 6.34 5
103.49517 11.15789 6.48 7
104.99336 12.86796 5.85 21
104.21224 11.58635 6.88 75
105.77161 11.42104 5.85 8
104.3211 13.30159 6.51 48
104.22094 11.63581 6.59 88
105.15896 13.79032 6.11 71
103.51262 13.83835 6.43 24
104.52258 12.22335 7.15 33
103.74681 13.56672 6.41 21
105.66548 13.18483 6.87 133
103.31718 12.29451 4.58 308
106.89645 13.04002 5.11 186
105.86846 11.3677 6.32 7
105.60203 13.35915 6.31 132
104.30832 11.3591 6.39 62
105.13874 13.80553 6.87 74
105.41209 13.28775 6.87 99
106.77002 14.29274 3.26 743
103.99361 10.95633 2.45 716
106.07757 11.004 7.04 6
103.74431 13.24928 5.73 6
105.47888 12.23088 7 18
104.88184 13.89 6.39 65
107.15812 12.3566 3.69 714
107.09701 13.34575 6.14 113
103.79233 10.83847 5.87 11
107.28489 13.28328 6.49 133
104.80492 13.69437 4.59 187
104.49019 11.92287 6.5 80
105.82003 11.97623 6.02 36
103.15076 11.65272 5.52 329
103.60595 11.97222 1.03 1197
105.51422 12.66749 6.11 106
105.0596 12.5372 7.06 14
104.46906 14.34442 4.4 406
104.26626 12.37661 6.7 218
103.86643 10.8213 5.69 17
103.24731 13.996 6.21 75
103.25546 12.09395 3.19 599
104.88578 13.48462 6.66 100
103.68104 11.18369 6.12 11
103.48663 12.33675 5.69 96
105.89985 13.62624 6.99 71
106.03888 13.80994 7.33 90
104.2019 11.70886 6.52 121
104.50152 11.96922 6.99 61
103.83641 12.59764 6.35 17
107.40941 13.25257 6.8 131
104.4288 11.71745 6.71 79
104.8654 14.31948 7.01 101
105.29917 13.28785 6.8 54
106.02635 12.30364 5.7 13
107.17055 13.81678 5.17 289
104.60508 13.4974 5.54 133
105.20387 11.9035 7.6 12
103.72167 12.66547 6.31 14
104.43889 11.60086 6.99 65
103.38933 13.75198 6.72 17
103.15311 13.87981 6.3 28
105.22805 13.55539 6.6 53
105.68294 13.97069 5.8 110
103.9903 13.75852 5.59 64
106.16421 12.05118 6.8 40
104.44892 11.81734 6.58 99
107.44287 12.80383 5 276
103.70296 12.64111 6.91 15
103.51693 12.87592 6.02 10
105.47144 13.19732 6.54 122
103.7575 12.64252 5.19 14
105.1455 12.55976 7.61 16
104.47847 14.27935 6.1 83
104.83121 13.62269 6.55 123
107.22417 13.13376 5.3 139
106.9927 13.14893 6.05 134
105.89859 12.09357 6.28 42
107.35292 13.79916 5.64 149
105.06871 12.71306 5.54 32
105.3836 14.09732 5.88 112
104.11877 12.73812 6.17 7
104.17646 14.18344 5.98 77
102.4537 12.87764 4.39 244
104.99627 12.20882 7.3 12
106.93568 14.36284 3.61 672
102.38169 13.37466 4.74 245
102.72714 12.16693 4.4 285
106.40436 12.79381 6.57 96
106.22059 12.47987 5.97 39
104.80529 13.80075 5.86 107
105.76422 11.98153 6.22 33
106.34312 14.05174 6.76 70
104.43608 11.63112 7 66
103.53203 13.20261 5.98 7
104.43316 12.85882 7.07 10
102.68998 12.62863 4.9 295
103.53764 10.73362 5.46 -3
105.87827 10.97412 6.39 7
103.91675 10.84458 3.54 637
102.8787 14.07997 6.14 70
102.72633 12.55477 5.49 219
106.31978 14.13592 7.75 75
102.8936 13.28234 6.34 25
106.18964 13.84174 6.46 86
